bass_enable=false
bass_maxgain=5
compander_enable=false
compander_granularity=2
compander_response=95.0;200.0;400.0;800.0;1600.0;3400.0;7500.0;0;0;0;0;0;0;0
compander_time_freq_transforms=0
compander_timeconstant=0.22000
compression_aggressiveness=800
compression_enable=false
compression_maxatk=30
compression_maxrel=200
convolver_enable=false
convolver_file=
convolver_optimization_mode=0
convolver_waveform_edit=-80;-100;0;0;0;0
crossfeed_bs2b_fcut=700
crossfeed_bs2b_feed=60
crossfeed_enable=false
crossfeed_mode=0
ddc_enable=false
ddc_file=
graphiceq_enable=true
graphiceq_param=GraphicEQ: 20 14.3; 21 13.9; 22 13.6; 23 13.2; 24 12.8; 26 12.1; 27 11.8; 29 11.2; 30 10.9; 32 10.3; 34 9.9; 36 9.4; 38 9; 40 8.5; 43 8; 45 7.6; 48 7.1; 50 6.8; 53 6.3; 56 5.9; 59 5.6; 63 5.1; 66 4.8; 70 4.5; 74 4.2; 78 3.8; 83 3.6; 87 3.6; 92 3.6; 97 3.3; 103 3; 109 2.4; 115 1.8; 121 1.4; 128 1.2; 136 1; 143 0.6; 151 0; 160 -0.5; 169 -0.8; 178 -1.1; 188 -1.3; 199 -1.7; 210 -2.1; 222 -2.6; 235 -2.8; 248 -2.8; 262 -2.9; 277 -3.2; 292 -3.4; 309 -3.6; 326 -3.6; 345 -3.6; 364 -3.7; 385 -3.8; 406 -3.8; 429 -3.7; 453 -3.6; 479 -3.5; 506 -3.3; 534 -3.2; 565 -3.1; 596 -3; 630 -2.9; 665 -2.6; 703 -2.6; 743 -2.6; 784 -2.5; 829 -2.6; 875 -2.7; 924 -2.8; 977 -2.7; 1032 -2.7; 1090 -2.6; 1151 -2.5; 1216 -2.3; 1284 -2; 1357 -1.5; 1433 -0.9; 1514 -0.1; 1599 0.7; 1689 1.3; 1784 1.6; 1885 1.7; 1991 1.5; 2103 1.4; 2221 1.7; 2347 1.9; 2479 2.2; 2618 2.2; 2766 1.7; 2921 1; 3086 0.8; 3260 1; 3443 1.5; 3637 1.9; 3842 2; 4058 1.7; 4287 0.3; 4528 -2.3; 4783 -3.4; 5052 -3.1; 5337 -3.1; 5637 -3.5; 5955 -3.6; 6290 -2.5; 6644 -0.2; 7018 1.6; 7414 2.3; 7831 3; 8272 3.5; 8738 5.3; 9230 8.1; 9749 7.5; 10298 4.6; 10878 4.2; 11490 5.3; 12137 5.4; 12821 5.3; 13543 5.1; 14305 4.8; 15110 4.5; 15961 4; 16860 3.4; 17809 2.8; 18812 2; 19871 1.2
liveprog_enable=false
liveprog_file=/root/.config/jamesdsp/liveprog/downsampler.eel
master_enable=true
master_limrelease=60
master_limthreshold=0
master_postgain=0
reverb_bassboost=0.25000
reverb_decay=2.08000
reverb_delay=0.00000
reverb_enable=false
reverb_finaldry=-7.00000
reverb_finalwet=-9.00000
reverb_lfo_spin=0.70000
reverb_lfo_wander=0.30000
reverb_lpf_bass=600
reverb_lpf_damp=9000
reverb_lpf_input=18000
reverb_lpf_output=17000
reverb_osf=1
reverb_reflection_amount=0.30000
reverb_reflection_factor=1.00000
reverb_reflection_width=0.70000
reverb_wet=-8.00000
reverb_width=1.00000
stereowide_enable=false
stereowide_level=60
tone_enable=false
tone_eq=25.0;40.0;63.0;100.0;160.0;250.0;400.0;630.0;1000.0;1600.0;2500.0;4000.0;6300.0;10000.0;16000.0;0;0;0;0;0;0;0;0;0;0;0;0;0;0;0
tone_filtertype=0
tone_interpolation=0
tube_enable=false
tube_pregain=200
