scrollX=423
scrollY=1866
zoomX=1.4982596260017476
zoomY=9.586100188769258
